[?25l[0m [38;2;0;0;0m     [38;2;122;71;72ma[38;2;189;105;107;48;2;174;97;98m:[48;2;189;105;105m [38;2;189;105;106m![38;2;149;77;78;48;2;186;104;103m_[38;2;142;74;74;48;2;120;59;59mF[38;2;100;43;44;48;2;100;44;45m.[38;2;99;44;45;48;2;100;44;44m^[48;2;100;44;45m [38;2;99;44;44mF  [38;2;100;43;44m.[38;2;100;44;45;48;2;99;44;44mr[38;2;100;44;43;48;2;100;44;45m`[38;2;99;44;45m~[38;2;99;44;44;48;2;100;44;44m~__[38;2;100;44;45m`[38;2;99;44;44m= [38;2;100;44;45;48;2;99;44;44mw[38;2;97;47;45;48;2;99;44;45m`[38;2;100;43;44;48;2;100;44;45m_[38;2;98;43;49;48;2;101;45;45m`[38;2;158;85;84;48;2;105;48;49m_[38;2;162;87;89;48;2;130;65;66mg[38;2;97;42;43;48;2;161;86;88m~[38;2;105;48;49;48;2;166;90;91m~[38;2;189;105;104;48;2;189;105;105m. L[0m
 [38;2;0;0;0m    [0m [38;2;117;69;72;48;2;177;99;99m~[38;2;189;105;106;48;2;189;105;105m~ [38;2;188;106;104;48;2;188;106;105m~[38;2;165;90;92;48;2;142;74;75ml[38;2;99;46;45;48;2;99;44;45m'[38;2;99;44;44;48;2;100;44;45mr[38;2;100;44;44m"_[38;2;100;43;44;48;2;99;44;44m3[48;2;100;44;45m -[38;2;99;44;45ma [38;2;100;44;44mnr [38;2;99;44;45;48;2;100;44;44mt[38;2;100;43;44;48;2;100;44;45m_[38;2;99;44;44mw[38;2;100;44;45;48;2;100;44;44m\[38;2;99;44;44;48;2;100;44;45m_[38;2;98;44;44;48;2;99;44;45m.[38;2;99;44;44;48;2;100;44;45mM[38;2;185;102;102;48;2;121;59;60m_[38;2;113;53;54;48;2;173;95;94m~[38;2;160;86;83;48;2;184;102;102m~[38;2;189;107;106;48;2;189;106;105m~[48;2;189;105;105m     [0m
 [38;2;0;0;0m   [0m [7m[38;2;176;98;98m`[0m[38;2;190;106;106;48;2;189;105;105m'  [38;2;189;106;105m_[38;2;166;89;91;48;2;142;74;75ml[38;2;100;44;44;48;2;100;44;45m.[38;2;99;44;45my[38;2;100;44;45;48;2;100;44;44m_[38;2;99;44;44mu[38;2;100;44;45m`[38;2;99;44;45;48;2;100;44;45m`[38;2;100;44;44m~[38;2;99;44;44mJ "[38;2;99;44;45m``[38;2;98;44;44m_[38;2;99;44;45;48;2;99;44;44m:[38;2;99;44;44;48;2;100;44;45mF ~[38;2;105;48;47m_[38;2;128;65;64;48;2;157;84;84m~[38;2;191;105;105;48;2;188;104;104m`[38;2;189;104;105;48;2;189;105;105m`[38;2;190;106;105m~[38;2;189;105;104m`     [0m
 [38;2;0;0;0m  [0m [7m[38;2;135;77;78m~[0m[38;2;190;106;105;48;2;189;105;105m:[38;2;189;106;104;48;2;189;106;105m.[38;2;190;106;106;48;2;190;105;106mF[38;2;190;106;105;48;2;189;105;105mr[38;2;189;105;105;48;2;189;106;105m`[38;2;165;91;91;48;2;142;75;74ml[38;2;99;42;45;48;2;99;43;45m_[38;2;158;86;87;48;2;102;45;47m_[38;2;164;87;90;48;2;103;46;47m_[38;2;161;88;89;48;2;103;46;48m_[38;2;164;89;91;48;2;103;47;48m_[38;2;162;88;90;48;2;103;47;47m_[38;2;162;88;88;48;2;109;51;51m_[38;2;173;95;96;48;2;132;67;68ma[38;2;172;94;95;48;2;132;67;67ma[38;2;173;96;96;48;2;132;67;68ma[38;2;173;94;94;48;2;132;66;67ma[38;2;170;92;93;48;2;128;64;65mw[38;2;163;87;90;48;2;103;46;47m_[48;2;102;46;47m_[38;2;164;87;91;48;2;103;46;47m_[38;2;162;89;89m_[38;2;168;93;91;48;2;116;56;57m_[38;2;135;69;69;48;2;172;93;93m~[38;2;187;104;102;48;2;188;104;105m'[38;2;189;105;104;48;2;190;105;105m=[38;2;190;105;107;48;2;189;105;106ma[38;2;189;105;106;48;2;189;105;105mL [38;2;189;105;104m![38;2;188;105;105m-   [0m
 [38;2;0;0;0m  [38;2;171;93;94m_[38;2;189;106;105;48;2;184;102;102m`[38;2;189;105;105;48;2;189;105;106m.[38;2;188;105;104;48;2;189;106;106m=[38;2;190;104;105;48;2;188;105;105m.[38;2;125;64;62;48;2;182;101;100m_[38;2;123;62;61;48;2;182;100;99m_[38;2;123;61;62;48;2;166;90;91m_[38;2;149;78;81;48;2;122;60;61mr[38;2;176;98;98;48;2;137;73;73m~[38;2;190;105;106;48;2;141;74;74m~[38;2;189;104;106m~[38;2;191;105;107m~[38;2;188;105;106m~[38;2;186;103;103;48;2;138;73;73m~[38;2;125;61;64;48;2;123;63;63m`[38;2;123;62;61;48;2;122;62;63m"[38;2;124;63;61;48;2;122;62;62m`[38;2;123;61;63;48;2;122;62;63m`[38;2;122;65;60;48;2;128;67;66m`[38;2;190;104;106;48;2;141;73;74m~[38;2;189;104;106;48;2;141;74;74m~[38;2;190;105;105m~[38;2;189;106;107m~[38;2;189;106;104;48;2;141;75;74m~[38;2;121;61;61;48;2;165;90;90m_[38;2;121;63;61;48;2;181;100;100m_[38;2;124;63;62;48;2;182;101;100m_[38;2;189;105;106;48;2;188;105;104m`[38;2;189;106;106;48;2;189;105;105m_[38;2;188;105;105m_     [0m
 [38;2;0;0;0m [0m [38;2;186;102;102;48;2;146;80;81m'[38;2;121;61;62;48;2;172;94;94m_[38;2;133;69;70;48;2;163;88;89my[38;2;178;97;98;48;2;132;69;69m~[38;2;179;100;99m~[38;2;121;63;62;48;2;123;63;63m`[38;2;122;63;63;48;2;122;62;63m4[38;2;123;63;62;48;2;122;63;63m~[38;2;122;63;62;48;2;122;62;63m~[48;2;122;63;63m [38;2;122;62;62my[48;2;122;62;63mY*[38;2;122;63;63mw[38;2;123;62;63m`[48;2;122;63;63m [38;2;122;62;62mn[38;2;122;63;63;48;2;122;62;62m-[48;2;122;62;63m`[38;2;122;62;63;48;2;122;63;63mm~[38;2;122;63;63;48;2;122;62;63m-[48;2;122;62;62m$[48;2;122;62;63mL[38;2;123;62;63m~[38;2;123;62;62;48;2;122;63;63m'[38;2;122;62;63mf[48;2;123;63;63m:[38;2;179;97;94;48;2;133;69;69m~[38;2;180;100;97;48;2;133;69;68m~[38;2;129;67;67;48;2;162;88;88mL[38;2;123;62;62;48;2;172;94;94m_[38;2;129;67;66;48;2;175;96;96m_[38;2;187;105;104;48;2;188;105;105m,[38;2;190;105;105;48;2;189;105;105m. [0m
[38;2;102;53;54my[7m[38;2;93;50;51m~[38;2;113;58;59m`[0m[38;2;122;63;63;48;2;121;62;62m.[38;2;123;63;63;48;2;122;63;63m?[38;2;121;63;63;48;2;122;62;63m.[48;2;122;63;63m [38;2;122;62;62m~_[38;2;122;63;63;48;2;122;62;63m.[38;2;123;62;64m.[38;2;122;62;62m^+ [38;2;122;63;63;48;2;122;62;62mg[48;2;122;62;63mK~f[48;2;122;62;62mm[38;2;122;62;62;48;2;122;63;63my [38;2;122;63;63;48;2;122;62;62m_[48;2;122;62;63m [38;2;123;62;62m_[38;2;122;63;63;48;2;122;62;62mL[38;2;123;62;63m_[38;2;122;62;62;48;2;122;62;63mm[38;2;122;61;63m`[38;2;122;63;63m[`_[38;2;122;62;62m=~[38;2;122;61;63mL[38;2;123;62;63;48;2;122;63;63m~[38;2;123;65;63;48;2;123;63;64m`[38;2;171;94;91;48;2;129;66;66m`[38;2;167;92;92;48;2;142;74;75m~[38;2;136;71;69;48;2;167;90;90my[0m
[38;2;122;63;63;48;2;122;62;63mT[38;2;121;61;62m_[38;2;122;64;62m_[38;2;123;63;63;48;2;122;63;63m_[38;2;124;63;62;48;2;122;62;63m.[38;2;105;56;80;48;2;120;62;64m_[38;2;86;51;91;48;2;120;62;65m_[38;2;85;50;91;48;2;119;62;65m_[38;2;86;49;90m_[38;2;85;50;92;48;2;119;62;66m_[38;2;87;51;90;48;2;120;62;65m_[38;2;77;66;128;48;2;109;59;75m_[38;2;74;69;138;48;2;101;57;83m_[38;2;85;51;92;48;2;112;61;81m*[38;2;76;58;111;48;2;101;59;83my[38;2;78;58;112my[38;2;77;58;111my[38;2;77;57;111;48;2;100;58;83my[38;2;77;57;112my[38;2;77;57;111;48;2;100;58;82my[38;2;78;58;112;48;2;101;59;83my[38;2;77;56;111;48;2;101;58;82my[38;2;78;57;112;48;2;101;58;84my[38;2;79;55;106;48;2;102;57;81my[38;2;79;49;94;48;2;106;57;75m_[38;2;85;52;91;48;2;117;61;66m_[38;2;84;50;92;48;2;119;61;65m_[38;2;84;51;91m_[38;2;86;50;91m_[38;2;85;51;91;48;2;119;62;65m_[38;2;86;51;90m_[38;2;87;51;92;48;2;120;61;65m_[38;2;85;49;92;48;2;119;61;66m_[38;2;84;52;91;48;2;119;61;65m_[38;2;124;61;59;48;2;121;62;63m.[38;2;122;62;63;48;2;122;63;63m`[38;2;122;63;62my[38;2;122;63;61;48;2;122;62;63m,[38;2;123;62;63;48;2;122;63;62m+[0m
[38;2;101;44;44m~[38;2;99;42;42m~[38;2;104;46;47m~[38;2;67;44;84;48;2;88;50;78mr[38;2;122;63;64;48;2;86;55;97m~[38;2;101;54;79;48;2;77;65;127m~[38;2;76;48;97;48;2;72;67;136m~[38;2;76;48;95;48;2;71;68;136m~[38;2;75;48;94;48;2;71;67;135m~[38;2;76;48;96;48;2;72;67;136m~[38;2;76;49;98;48;2;71;67;136m~[38;2;140;76;98;48;2;82;70;134m_[38;2;73;73;144;48;2;137;78;98m~[38;2;160;77;78;48;2;139;77;98m`[38;2;69;72;148;48;2;70;73;147mT[38;2;70;73;147;48;2;71;72;147m_[38;2;71;73;146m"`[38;2;70;73;148m`[38;2;118;77;116;48;2;80;73;141m_[38;2;72;73;149;48;2;127;76;108m~[38;2;70;74;147;48;2;137;77;98m~[38;2;158;78;79;48;2;90;74;135m_[38;2;128;77;107;48;2;82;70;134m_[38;2;76;47;96;48;2;71;67;137m~[38;2;77;48;96;48;2;72;67;136m~[38;2;75;47;96;48;2;72;67;135m~[38;2;76;48;96;48;2;71;66;136m~[38;2;77;47;95;48;2;72;68;136m~[38;2;75;48;96;48;2;71;67;136m~[38;2;71;73;148;48;2;75;54;109m_[38;2;69;73;147;48;2;75;54;106m_[38;2;73;64;130;48;2;76;51;101m_[38;2;76;47;95;48;2;76;49;96m_[38;2;110;59;71;48;2;85;51;90m~[38;2;122;62;63;48;2;87;52;89m~[38;2;123;62;64;48;2;87;51;89m~[38;2;76;49;96;48;2;103;57;76m_[0m[7m[38;2;106;56;59m_[0m
 [38;2;0;0;0m [0m [38;2;65;41;82;48;2;69;45;87mL[38;2;77;49;96;48;2;76;49;96m'[38;2;76;54;108;48;2;73;61;122ml[38;2;70;73;147;48;2;70;72;147m+[38;2;70;72;146;48;2;71;72;147m_ [38;2;71;72;147;48;2;74;71;141m'[38;2;74;68;138;48;2;90;63;109m~[38;2;198;151;40;48;2;138;89;76my[38;2;157;80;78;48;2;125;72;77m`[38;2;159;81;80;48;2;124;71;97m`[38;2;70;74;148;48;2;71;73;147m`[38;2;72;72;147;48;2;71;72;148m*[38;2;71;72;147;48;2;70;72;147m`[48;2;71;72;147m  [38;2;106;75;128;48;2;118;76;111ml[38;2;156;78;78;48;2;157;79;79my[38;2;157;80;80;48;2;156;79;79my[38;2;158;78;79;48;2;152;78;79m`[38;2;153;80;88;48;2;131;70;85m'[38;2;71;72;148;48;2;125;69;91m`[38;2;105;61;94;48;2;91;69;123my[38;2;101;57;85;48;2;80;68;131m_[38;2;71;74;148;48;2;70;73;147m?[38;2;72;73;151;48;2;70;72;148m_[38;2;70;72;147;48;2;71;72;148m.[48;2;71;72;147m~[38;2;71;72;147;48;2;70;72;147m.[38;2;73;69;135;48;2;71;71;144m`[38;2;75;50;104;48;2;73;63;128m~[38;2;77;48;97;48;2;76;51;101m:[38;2;77;48;96;48;2;76;49;97m_[38;2;76;49;96m.[38;2;76;49;97;48;2;76;48;96m'[0m[38;2;49;34;64mL[0m
 [38;2;0;0;0m [0m [38;2;75;47;96;48;2;67;43;86m:[38;2;76;49;98;48;2;74;47;95m:[0m[7m[38;2;70;56;115m_[0m[38;2;59;60;123;48;2;68;71;144m,[38;2;71;72;147;48;2;70;72;147m:[38;2;72;73;147;48;2;71;72;147m-[38;2;69;73;147;48;2;86;72;126m:[38;2;210;200;204;48;2;178;155;153m4[38;2;254;231;189;48;2;251;247;242m_[38;2;202;193;193;48;2;237;235;234m_[38;2;104;57;80;48;2;110;67;89m`[38;2;100;58;90;48;2;90;66;113m[[38;2;79;68;139;48;2;71;72;146m,[38;2;71;71;147;48;2;71;72;147m+[38;2;71;72;147;48;2;70;72;147mL[38;2;70;73;147;48;2;71;72;147mL[38;2;105;75;129;48;2;120;79;114ml[38;2;177;110;111;48;2;157;81;80m_[38;2;103;54;79;48;2;142;81;90m.[38;2;243;238;234;48;2;187;157;143my[38;2;246;241;235;48;2;215;186;134my[38;2;171;150;160;48;2;129;94;112mw[38;2;201;156;38;48;2;222;174;26m~[38;2;198;154;56;48;2;240;191;13m`[38;2;239;191;18;48;2;153;110;65m_[38;2;153;110;70;48;2;118;65;86m_[38;2;102;72;118;48;2;87;71;132mM[38;2;71;72;147;48;2;70;72;147m_[38;2;70;72;148;48;2;71;72;147m=[38;2;70;73;147m<[38;2;72;70;141m_[38;2;75;58;116;48;2;75;53;107mL[38;2;78;50;97;48;2;77;49;96m:[38;2;77;49;97;48;2;76;49;96mF[0m[7m[38;2;55;37;69m4[0m [0m
[7m[38;2;45;31;57m~[38;2;44;31;57m~[38;2;42;27;53m~[38;2;47;31;61m*[0m[38;2;42;23;58;48;2;53;32;68m4[0m [7m[38;2;45;47;90mL[0m[38;2;70;73;147;48;2;68;70;142m:[38;2;69;71;148;48;2;70;72;148m$[38;2;162;138;107;48;2;131;119;114m4[38;2;253;254;51;48;2;253;213;13m_[38;2;254;204;0;48;2;253;234;33m~[38;2;148;115;74;48;2;127;86;76mL[38;2;104;56;81;48;2;133;89;72m:[38;2;210;181;47;48;2;170;129;56mg[38;2;218;185;106;48;2;138;99;115m_[38;2;195;134;135;48;2;100;86;145m_[38;2;70;73;148;48;2;73;73;147m:[48;2;71;72;147m [38;2;123;95;144;48;2;140;107;141mi[38;2;133;83;99;48;2;170;114;120ma[38;2;241;193;19;48;2;184;140;68ma[38;2;253;207;21;48;2;251;228;136my[38;2;254;254;254;48;2;216;190;119m~[38;2;181;162;171;48;2;125;86;105m~[38;2;213;179;51;48;2;228;186;25mL[38;2;254;254;53;48;2;254;208;7m_[38;2;254;254;52;48;2;253;208;7m_[38;2;165;123;56;48;2;207;172;42m4[38;2;161;151;90;48;2;94;78;117m,[38;2;70;72;148;48;2;71;72;146m:[38;2;71;73;151;48;2;71;73;147m`[38;2;71;73;148;48;2;70;72;147m/[38;2;73;59;116;48;2;72;63;128ma[38;2;76;48;98;48;2;76;50;100m`[38;2;77;48;97;48;2;76;49;97m>[38;2;76;48;98;48;2;76;48;95m'[0m[7m[38;2;57;38;72m4[0m[38;2;67;41;90m_[0m
[38;2;53;33;66m~[7m[38;2;48;32;60m_[0m[38;2;43;31;54;48;2;54;36;67m,[38;2;54;33;67;48;2;57;37;72m_[38;2;55;34;68;48;2;58;37;72m_[38;2;30;17;43;48;2;50;31;64m~[0m[38;2;42;27;56my[38;2;61;40;79;48;2;66;49;98mL[38;2;76;50;101;48;2;72;67;137m_[38;2;162;162;114;48;2;130;131;122m4[38;2;253;253;51;48;2;254;254;51mW[38;2;254;254;52;48;2;253;253;51m`[38;2;146;120;74;48;2;126;89;76mL[38;2;104;56;79;48;2;143;112;74m:[38;2;253;254;50;48;2;253;254;51m`[38;2;234;215;81;48;2;217;181;108mL[38;2;195;132;135;48;2;195;135;136m.[38;2;103;86;145;48;2;177;125;137m~[38;2;87;79;145;48;2;158;116;139m~[38;2;129;100;142;48;2;160;117;139m\[38;2;155;115;100;48;2;218;197;84m~[38;2;254;204;0;48;2;249;238;44m`[38;2;252;213;15;48;2;253;247;46m~[38;2;174;153;68;48;2;205;193;62m4[38;2;106;57;80;48;2;104;57;80m`[38;2;213;207;63;48;2;228;223;57mL[48;2;254;254;51m [38;2;253;253;53m"[38;2;253;254;50m"[38;2;177;166;89;48;2;137;128;109mF[38;2;69;74;148;48;2;72;71;144m'[38;2;71;72;147;48;2;70;72;147m`[38;2;71;72;146;48;2;71;69;141m:[38;2;73;61;123;48;2;75;54;108mF[48;2;76;49;97m  [38;2;76;48;97m;[38;2;76;48;96m`[38;2;72;46;94;48;2;76;48;96m`[0m
 [38;2;0;0;0m [38;2;39;25;53m`[38;2;47;27;58m`[38;2;47;28;60m`[7m[38;2;44;30;57my[38;2;45;31;57my[0m[38;2;78;48;98;48;2;68;43;86m`[38;2;77;48;96;48;2;76;49;98m`[38;2;75;47;95;48;2;122;90;112m:[38;2;240;228;80;48;2;214;174;112m~[38;2;233;217;95;48;2;245;238;65m,[38;2;139;109;74;48;2;192;176;67m?[38;2;143;111;74;48;2;204;191;65mF[38;2;254;254;51;48;2;243;232;70m'[38;2;224;195;99;48;2;208;162;120m~[38;2;170;114;119;48;2;185;127;129m=[38;2;196;135;137;48;2;194;134;134m`[38;2;196;136;135;48;2;195;135;135m~ [38;2;242;231;82;48;2;200;146;130m`[38;2;243;235;75;48;2;247;241;64mL[38;2;247;244;70;48;2;253;253;51m_[38;2;173;152;68;48;2;206;195;62m4[38;2;138;116;76;48;2;105;58;80m_[38;2;212;206;62;48;2;228;224;57mL[38;2;254;254;50;48;2;254;254;51m'[38;2;254;254;51;48;2;253;253;52m`[38;2;222;191;106;48;2;242;233;68m_[38;2;148;148;117;48;2;126;117;133m~[38;2;71;73;147;48;2;70;72;147m+[38;2;70;73;146m.[38;2;74;59;118;48;2;72;64;128m4[38;2;77;48;97;48;2;77;49;97mw[38;2;76;49;97m`[38;2;77;48;97;48;2;75;49;95m`[0m[7m[38;2;64;44;81my[38;2;59;40;75my[38;2;59;39;74my[0m
   [38;2;45;29;58my[38;2;46;28;61my[7m[38;2;44;29;57m~[0m[38;2;34;23;45;48;2;48;31;63m_[0m[7m[38;2;42;30;55my[0m[38;2;76;49;97;48;2;73;47;92m`[38;2;133;89;113;48;2;110;73;105m4[38;2;165;112;124;48;2;194;133;134m_[38;2;213;177;122;48;2;196;138;134m`[38;2;215;180;118;48;2;197;140;133m`[38;2;216;180;120;48;2;197;139;134m`[38;2;211;169;124;48;2;196;138;134m`[38;2;171;115;120;48;2;194;134;134m_[38;2;195;139;134m.[38;2;146;94;106;48;2;193;133;134m_[38;2;198;131;133;48;2;195;135;135m.[38;2;170;114;118;48;2;194;134;134m_[38;2;196;136;135;48;2;193;133;134m`[38;2;216;180;120;48;2;197;139;134m`[38;2;213;180;119;48;2;203;152;127m`[38;2;200;146;131;48;2;226;201;90my[38;2;201;146;131;48;2;224;197;91my[38;2;200;146;130;48;2;228;202;89myy[38;2;244;236;70;48;2;210;168;115m~[38;2;206;160;127;48;2;196;138;134m`[38;2;141;107;142;48;2;110;92;145mL[38;2;70;73;149;48;2;70;72;148m.[38;2;70;75;147;48;2;71;70;145m`[38;2;72;60;154;48;2;75;54;117m_[38;2;77;51;97;48;2;76;49;97m-[38;2;73;66;172;48;2;76;53;119ma[38;2;74;66;175;48;2;76;50;106m_[38;2;73;67;175;48;2;73;48;98m_[38;2;75;59;138;48;2;72;46;94m_[38;2;49;34;82;48;2;71;47;99m`[0m
 [38;2;42;29;54m4[7m[38;2;48;31;61m_[38;2;51;34;65m_[38;2;42;28;55my[0m[38;2;56;36;71m~[38;2;28;16;38m_[38;2;50;32;64my[38;2;78;50;97;48;2;74;47;93m:[38;2;76;49;96;48;2;77;49;96m7[38;2;138;95;117;48;2;100;64;100m"[38;2;115;57;81;48;2;169;113;123m_[38;2;121;59;85;48;2;187;127;130m_[38;2;194;136;136;48;2;195;135;135m.[38;2;195;135;136m.[38;2;157;102;113;48;2;185;126;130m"[38;2;143;91;103;48;2;177;120;124m*[38;2;121;72;90;48;2;173;116;121m~[38;2;107;60;83;48;2;169;113;119m=[38;2;143;91;104;48;2;168;112;118mF[38;2;195;135;135;48;2;186;127;129m:[38;2;195;136;136;48;2;195;135;135m_[38;2;195;135;136m_  [38;2;196;136;136my[38;2;196;137;135m:[38;2;195;135;136;48;2;182;124;126m`[38;2;35;35;72;48;2;142;101;110m_[38;2;123;98;143;48;2;75;70;130m~[38;2;44;44;88;48;2;67;67;138m_[38;2;69;71;153;48;2;42;42;91m~[38;2;73;66;169;48;2;42;39;87m~[38;2;33;31;62;48;2;62;43;85m_[38;2;71;47;92;48;2;74;48;96m,[38;2;71;71;193;48;2;76;55;122m~[38;2;77;54;119;48;2;74;63;158mg[38;2;57;44;80;48;2;70;64;166m_[0m[38;2;76;50;96m`[0m
 [38;2;0;0;0m   [0m [38;2;44;28;56my[38;2;43;26;53;48;2;52;32;65m"[38;2;58;39;74;48;2;60;40;73m:[38;2;188;185;191;48;2;133;108;128m=[38;2;129;85;109;48;2;102;66;103my[38;2;105;62;97;48;2;135;87;110m~[38;2;120;65;90;48;2;136;88;109m~[38;2;117;57;81;48;2;121;63;86m:[38;2;178;123;128;48;2;120;72;115m~[38;2;182;129;146;48;2;117;95;178m~[38;2;71;71;198;48;2;164;119;153m_[38;2;72;73;199;48;2;166;119;152m_[38;2;195;136;135;48;2;192;134;138m:[38;2;196;136;137;48;2;195;135;135m_[38;2;196;133;136m"[38;2;195;133;137m_[38;2;196;135;136m.[38;2;195;135;137m`[38;2;195;134;136;48;2;189;130;130m'[38;2;141;74;79;48;2;179;119;121m_[38;2;131;63;72;48;2;167;104;106m_[38;2;182;123;123;48;2;132;73;79m~[38;2;130;79;91;48;2;46;37;66m~[38;2;57;57;118;48;2;47;46;96m4[38;2;50;50;103;48;2;64;65;133my[38;2;63;63;165;48;2;47;47;106my[38;2;64;65;175;48;2;47;46;114my[38;2;33;28;63;48;2;65;66;177m`[38;2;34;30;65;48;2;65;65;177m`[38;2;70;51;112;48;2;71;65;172m"[38;2;75;48;95;48;2;76;50;103m:[48;2;77;49;97m [38;2;57;41;76;48;2;71;46;91m"[0m[38;2;60;38;78my[0m
 [38;2;0;0;0m   [0m [38;2;52;33;63;48;2;58;38;71m,[38;2;108;72;96;48;2;77;50;81my[38;2;106;70;94;48;2;130;86;107m~[48;2;140;93;113m  [38;2;141;93;114m_[38;2;141;95;114m.[38;2;121;66;91;48;2;119;62;86mL[38;2;116;58;81;48;2;115;57;84m'[38;2;111;58;103;48;2;95;65;146m[[38;2;54;52;131;48;2;65;65;175my[38;2;39;39;89;48;2;58;58;152my[38;2;159;110;116;48;2;48;42;77m`[38;2;163;113;119;48;2;47;41;69m`[38;2;161;111;116;48;2;47;40;68m`[38;2;161;109;118;48;2;48;40;69m`[38;2;145;87;93;48;2;86;51;70m~[38;2;175;114;117;48;2;133;68;76m`[38;2;169;110;111;48;2;132;67;74m`[38;2;112;63;110;48;2;131;65;72m_[38;2;62;53;130;48;2;103;54;70m_[38;2;54;54;142;48;2;53;41;80m_[38;2;66;66;179;48;2;46;46;113my[38;2;49;50;121;48;2;63;64;170m~[38;2;54;56;139;48;2;70;71;193m`[38;2;71;74;200;48;2;70;72;198m'[38;2;73;73;199;48;2;72;72;199m+[38;2;72;71;200;48;2;71;72;199m~[38;2;71;72;198;48;2;72;72;199m.[38;2;71;73;200m`[38;2;74;59;146;48;2;71;69;188m`[38;2;71;70;187;48;2;74;56;128m_[38;2;75;54;120;48;2;76;48;98m_[38;2;77;48;96;48;2;77;49;97m_[0m
 [38;2;0;0;0m  [0m [38;2;86;48;65m_[7m[38;2;111;73;90m~[0m[38;2;138;91;113;48;2;140;93;113m.   [38;2;141;94;114m~[38;2;124;71;93;48;2;138;91;111m_[38;2;121;65;88;48;2;119;61;85mL[38;2;117;56;80;48;2;116;57;81m_[38;2;115;55;86;48;2;116;56;82m`[38;2;85;65;158;48;2;81;53;109ma[38;2;30;30;62;48;2;58;60;155m~[38;2;65;66;181;48;2;48;49;121mg[38;2;68;67;191;48;2;35;34;76m_[38;2;69;70;189m_[38;2;67;70;190;48;2;34;35;76m_[38;2;69;70;191;48;2;35;34;76m_[38;2;69;69;191;48;2;42;40;92m_[38;2;40;33;63;48;2;60;60;156m~[38;2;58;55;139;48;2;67;68;183m~[38;2;72;72;190;48;2;72;72;198m`[38;2;70;72;194m`[38;2;72;73;200;48;2;72;73;199mL[38;2;72;72;199;48;2;71;72;199mx[38;2;72;72;198;48;2;72;72;199m.[38;2;72;72;199;48;2;71;72;199my[38;2;71;72;198;48;2;72;72;199m~[38;2;71;72;199m_*[38;2;72;72;198m`[38;2;71;73;199mJ[38;2;72;71;198;48;2;71;72;199m_[38;2;74;61;150;48;2;72;68;181m"[38;2;62;55;126;48;2;57;44;91mr[0m
 [38;2;0;0;0m [38;2;78;49;64m_[7m[38;2;93;61;77m~[0m[38;2;121;77;98;48;2;136;90;111m~[38;2;140;93;114;48;2;140;93;113m~[38;2;140;94;114m`[38;2;140;92;113m~3[38;2;141;93;114m`[38;2;127;75;98;48;2;138;89;110m_[38;2;126;72;94;48;2;121;64;87mF[38;2;117;57;81;48;2;116;57;81mF[38;2;118;56;81;48;2;117;57;81m~[38;2;115;56;80;48;2;116;57;81mr[38;2;95;65;148;48;2;111;59;99m~[38;2;87;68;172;48;2;78;70;185mr[38;2;71;71;199;48;2;71;72;199m`[38;2;71;72;199;48;2;71;72;200m*[38;2;72;73;200;48;2;71;72;199m_[48;2;72;72;199m [38;2;71;72;198;48;2;71;72;199mh[38;2;74;72;199m`[38;2;70;73;198m~[38;2;71;72;198mT[38;2;72;72;199m_[38;2;70;73;199m~[38;2;72;72;199m=[38;2;71;72;199;48;2;72;72;199m`^[38;2;72;72;199;48;2;71;72;199m"[38;2;71;72;199;48;2;72;72;199m^[38;2;72;73;199m=[38;2;72;74;199mr[38;2;70;74;201;48;2;71;73;199m.[38;2;71;73;197;48;2;71;72;199ms[38;2;72;72;199;48;2;70;71;190m'[0m[7m[38;2;56;56;140my[0m [0m
 [38;2;115;76;94my[38;2;102;66;84;48;2;132;87;107m~[38;2;141;93;114;48;2;140;93;113m~  [38;2;140;92;113m~= [38;2;140;94;113;48;2;137;89;109m:[38;2;127;75;98;48;2;122;66;90mT[38;2;115;55;81;48;2;116;57;81m=[38;2;117;57;81m,[38;2;116;57;82m' [38;2;117;57;82m7[38;2;109;60;104;48;2;92;67;154my[38;2;71;72;199;48;2;73;72;196m`[38;2;72;72;199;48;2;71;72;199m_[38;2;73;73;200;48;2;72;72;199m~[38;2;71;72;199m+[38;2;72;72;198m~  [38;2;71;72;199m`[38;2;71;72;198m_ [38;2;71;72;199ma[38;2;72;72;199;48;2;71;72;199my[48;2;72;72;199m  [38;2;72;72;198m\[38;2;73;73;199m`[38;2;71;72;199mi[38;2;71;71;198;48;2;72;72;198m.[38;2;92;50;86;48;2;79;64;161my[38;2;63;67;180;48;2;91;44;63m`[38;2;85;36;40;48;2;56;28;33mL[0m [0m
[?25h
